60612
60607
60622
60608
60638
60409
60624
60625
60644
60609
60632
60649
60626
60629
60616
60804
60640
60637
60628
60647
60639
60469
60623
60617
60651
60634
60085
60636
60304
60619
60940
60090
60652
60620
60457
60302
60624
60643
60428
60623
60527
60438
60641
60402
60544
60194
60827
60176
60659
60621
60630
60155
60154
60153
60123
60618
60707
60632
60604
60632
60653
60645
60477
60110
60628
60426
60062
60506
60103
60656
60430
60443
60193
60482
60642
60610
60104
60411
60456
60615
60425
60629
60160
6527
60120
60115
46404
60505
60513
60605
60608
60164
60627
46312
60473
60440
60633
60545
60478
60617
60466
60429
60181
60099
60563
60471
60446
46306
60202
60169
60915
60615
60517
60201
60419
60525
60046
60950
60148
60101
60669
60433
60073