60004
60005
60006
60007
60008
60009
60010
60011
60016
60017
60018
60019
60022
60025
60026
60029
60038
60043
60053
60055
60056
60062
60065
60067
60068
60070
60074
60076
60077
60078
60082
60090
60091
60093
60094
60095
60104
60107
60120
60681
60682
60684
60685
60686
60687
60688
60689
60690
60691
60693
60694
60695
60696
60697
60699
60701
60706
60707
60712
60714
60803
60804
60805
60827
60130
60131
60141
60153
60154
60155
60159
60160
60161
60162
60163
60164
60165
60168
60169
60171
60173
60176
60179
60192
60193
60194
60195
60196
60201
60202
60203
60204
60208
60209
60290
60301
60302
60303
60304
60305
60402
60406
60409
60411
60412
60415
60419
60422
60425
60426
60428
60429
60430
60438
60439
60443
60445
60452
60453
60454
60455
60456
60457
60458
60459
60461
60462
60463
60464
60465
60466
60467
60469
60471
60472
60473
60475
60476
60477
60478
60480
60482
60487
60499
60501
60513
60525
60526
60534
60546
60558
60601
60602
60603
60604
60605
60606
60607
60608
60609
60610
60611
60612
60613
60614
60615
60616
60617
60618
60619
60620
60621
60622
60623
60624
60625
60626
60628
60629
60630
60631
60632
60633
60634
60636
60637
60638
60639
60640
60641
60642
60643
60644
60645
60646
60647
60649
60651
60652
60653
60654
60655
60656
60657
60659
60660
60661
60663
60664
60666
60668
60669
60670
60673
60674
60675
60677
60678
60679
60680
60612
60607
60622
60608
60638
60409
60624
60625
60644
60609
60632
60649
60626
60629
60616
60804
60640
60637
60628
60647
60639
60469
60623
60617
60651
60634
60085
60636
60304
60619
60940
60090
60652
60620
60457
60302
60624
60643
60428
60623
60527
60438
60641
60402
60544
60194
60827
60176
60659
60621
60630
60155
60154
60153
60123
60618
60707
60632
60604
60632
60653
60645
60477
60110
60628
60426
60062
60506
60103
60656
60430
60443
60193
60482
60642
60610
60104
60411
60456
60615
60425
60629
60160
60120
60115
46404
60505
60513
60605
60608
60164
60627
46312
60473
60440
60633
60545
60478
60617
60466
60429
60181
60099
60563
60471
60446
46306
60202
60169
60915
60615
60517
60201
60419
60525
60046
60950
60148
60101
60669
60433
60073
60612
60607
60622
60608
60638
60409
60624
60625
60644
60609
60632
60649
60626
60629
60616
60804
60640
60637
60628
60647
60639
60469
60623
60617
60651
60634
60085
60636
60304
60619
60940
60090
60652
60620
60457
60302
60624
60643
60428
60623
60527
60438
60641
60402
60544
60194
60827
60176
60659
60621
60630
60155
60154
60153
60123
60618
60707
60632
60604
60632
60653
60645
60477
60110
60628
60426
60062
60506
60103
60656
60430
60443
60193
60482
60642
60610
60104
60411
60456
60615
60425
60629
60160
60120
60115
46404
60505
60513
60605
60608
60164
60627
46312
60473
60440
60633
60545
60478
60617
60466
60429
60181
60099
60563
60471
60446
46306
60202
60169
60915
60615
60517
60201
60419
60525
60046
60950
60148
60101
60669
60433
60073